Laczny_koszt_operacji = 301641

roczny_transport_do_magazynu [*,M1,*]
:    Buraki    Kapusta Marchewki Ziemniaki    :=
P1    15.818   178.348     160     95.834
P2   150        90          50     60
P3     0         0           0      0
P4     0         0           0      0
P5     0         0           0      0
P6     0         0           0      0

 [*,M2,*]
:    Buraki Kapusta Marchewki Ziemniaki    :=
P1     0        0      0            0
P2     0        0      0            0
P3   171.97    70     90          160
P4     0        0     67.621        0
P5     0        0      0            0
P6     0        0      0            0

 [*,M3,*]
:  Buraki   Kapusta Marchewki Ziemniaki    :=
P1     0      0         0         0
P2     0      0         0         0
P3     0      0         0         0
P4     0      0         0         0
P5   190    191.136   110       208.456
P6     0      0        50.408     0
;

tygodniowy_transport_do_sklepu [*,M1,*,Buraki]
:   S1    S10     S2    S3  S4  S5  S6  S7    S8      S9      :=
1    0   2.332   2.222   0   0   0   0   0   0       4.195
2    0   1.922   2.196   0   0   0   0   0   3.875   0
3    0   3.862   1.861   0   0   0   0   0   0       5.74
4    0   0       1.934   0   0   0   0   0   0       0
5    0   1.894   1.897   0   0   0   0   0   0       0
6    0   1.779   1.603   0   0   0   0   0   0       0
7    0   3.293   1.597   0   0   0   0   0   1.674   5.046
8    0   0       1.479   0   0   0   0   0   0       0
9    0   1.554   1.38    0   0   0   0   0   3.087   0
10   0   1.527   2.577   0   0   0   0   0   0       0
11   0   2.557   0       0   0   0   0   0   1.522   0
12   0   0       2.228   0   0   0   0   0   0       0
13   0   1.025   0       0   0   0   0   0   0       0
14   0   0.819   0.995   0   0   0   0   0   2.496   1.604
15   0   1.06    0.682   0   0   0   0   0   0       0
16   0   1.293   0.93    0   0   0   0   0   0       1.525
17   0   0       0.8     0   0   0   0   0   0       0
18   0   0.538   0.722   0   0   0   0   0   0.563   0.401
19   0   0.539   0.411   0   0   0   0   0   0.252   0
20   0   0.728   0.264   0   0   0   0   0   0.949   0.832
21   0   0       0.324   0   0   0   0   0   0       0
22   0   0.288   0       0   0   0   0   0   0       0
23   0   0.311   0.022   0   0   0   0   0   0       0
24   0   0.112   0.271   0   0   0   0   0   0.014   0
25   0   0.218   0       0   0   0   0   0   0.24    0
26   0   0       0.018   0   0   0   0   0   0       0
27   0   0.045   0.063   0   0   0   0   0   0.042   0.076
28   0   0.17    0.005   0   0   0   0   0   0.212   0
29   0   0       0.07    0   0   0   0   0   0       0
30   0   0.213   0       0   0   0   0   0   0.172   0
31   0   0       0.208   0   0   0   0   0   0       0.181
32   0   0.091   0.355   0   0   0   0   0   0.212   0
33   0   0.397   0.384   0   0   0   0   0   0.266   0
34   0   1.576   0.479   0   0   0   0   0   0       0
35   0   0       1.164   0   0   0   0   0   0       0.246
36   0   0       0       0   0   0   0   0   0.423   0.755
37   0   1.42    0.434   0   0   0   0   0   0       0.479
38   0   0       0.758   0   0   0   0   0   0.819   0
39   0   0.918   0.741   0   0   0   0   0   0       0.837
40   0   1.163   1.136   0   0   0   0   0   0.954   0
41   0   0.997   1.331   0   0   0   0   0   0       1.045
42   0   2.94    1.431   0   0   0   0   0   0.701   2.538
43   0   0       2.701   0   0   0   0   0   0       0
44   0   1.543   0       0   0   0   0   0   0       1.364
45   0   3.514   1.672   0   0   0   0   0   0       3.129
46   0   0       1.485   0   0   0   0   0   1.497   0
47   0   3.352   1.874   0   0   0   0   0   0       0
48   0   0       3.661   0   0   0   0   0   0       0
49   0   1.997   0       0   0   0   0   0   1.982   5.43
50   0   1.827   2.082   0   0   0   0   0   0       0
51   0   2.148   2.092   0   0   0   0   0   0       0
52   0   2.098   2.002   0   0   0   0   0   0       1.842

 [*,M1,*,Kapusta]
:     S1      S10     S2      S3    S4  S5  S6  S7    S8      S9      :=
1    0.946   1.001   1.21    0       0   0   0   0   0       1.045
2    1.08    1.218   1.188   0       0   0   0   0   0       5.286
3    1.313   1.366   1.367   0       0   0   0   0   1.03    0
4    1.334   1.405   1.548   4.467   0   0   0   0   3.181   0
5    1.539   1.62    1.409   0       0   0   0   0   0       0
6    1.773   1.468   1.453   0       0   0   0   0   0       3.143
7    1.497   1.876   1.659   0       0   0   0   0   0       0
8    3.68    1.686   1.827   1.722   0   0   0   0   0       3.84
9    0       2.052   2.019   5.471   0   0   0   0   0       0
10   2.051   1.811   1.912   0       0   0   0   0   0       3.893
11   1.788   2.083   2.041   0       0   0   0   0   1.607   0
12   2.14    1.785   2.14    6.017   0   0   0   0   0       6.08
13   2       1.898   2.196   0       0   0   0   0   0       0
14   2.109   2.143   1.948   0       0   0   0   0   1.876   0
15   2.078   1.999   2.003   0       0   0   0   0   1.99    2.159
16   7.101   2.153   2.121   5.365   0   0   0   0   1.925   2.127
17   0       1.788   1.978   0       0   0   0   0   0       5.215
18   0       2.073   1.803   1.36    0   0   0   0   0       0
19   0.593   1.687   1.996   0       0   0   0   0   0       0
20   1.635   1.61    1.892   0       0   0   0   0   1.948   1.845
21   1.769   1.576   1.548   1.633   0   0   0   0   1.744   1.544
22   1.749   1.679   1.756   0       0   0   0   0   0       1.669
23   4.09    1.263   1.597   0       0   0   0   0   0       4.119
24   0       1.366   1.445   0       0   0   0   0   4.066   0
25   0       1.03    1.196   0       0   0   0   0   0       0
26   0.931   1.28    2.001   0       0   0   0   0   0       1.074
27   1.725   0.831   0       2.752   0   0   0   0   0       0.826
28   0       1.079   0.72    0       0   0   0   0   0       0.685
29   0.733   0.741   1.396   0       0   0   0   0   0       2.603
30   1.212   0.858   0       1.541   0   0   0   0   0       0
31   0       0.333   0.383   0       0   0   0   0   0       0
32   0.572   0.303   0.607   0       0   0   0   0   0       0
33   1.087   0.31    0.249   0.317   0   0   0   0   0       0.154
34   0       0.31    0.412   0.377   0   0   0   0   0       0.618
35   0       0       0.2     0       0   0   0   0   0       0
36   0       0.287   0       0       0   0   0   0   0       0
37   0       0.154   0.002   0       0   0   0   0   0       0.215
38   0.127   0       0.196   0.342   0   0   0   0   0       0.222
39   0.208   0.054   0       0       0   0   0   0   0       0.073
40   0.349   0.071   0.158   0.148   0   0   0   0   0       0
41   0       0.131   0.138   0       0   0   0   0   0       0.094
42   0       0       0.341   0       0   0   0   0   0       0.375
43   0.113   0.146   0       0       0   0   0   0   0       0
44   0.032   0.107   0.283   0       0   0   0   0   0       0.562
45   0.161   0.143   0.324   0       0   0   0   0   0       0
46   0.106   0.217   0.515   0.044   0   0   0   0   0       1.067
47   0.396   0.243   0       0.378   0   0   0   0   0       0
48   0.513   0.559   0.315   0.924   0   0   0   0   0       0
49   0.676   0.42    0.474   0       0   0   0   0   0       0.639
50   0.858   0.705   0.603   1.993   0   0   0   0   0.527   1.583
51   0.807   0.647   0.711   0       0   0   0   0   0       0
52   1.03    0.716   0.678   0       0   0   0   0   0       0.708

 [*,M1,*,Marchewki]
:     S1      S10     S2    S3  S4  S5  S6  S7    S8      S9      :=
1    0       1.012   1.067   0   0   0   0   0   1.045   1.155
2    0       0.766   0.75    0   0   0   0   0   2.006   1.492
3    0       0.791   0.616   0   0   0   0   0   0       0
4    0       0.834   0.509   0   0   0   0   0   0       1.873
5    0       0.533   0.333   0   0   0   0   0   0.577   0
6    0       0.263   0.614   0   0   0   0   0   0.635   0
7    0       0.563   0.326   0   0   0   0   0   0.498   0
8    0       0       0.405   0   0   0   0   0   0.345   0.367
9    0       0.164   0.114   0   0   0   0   0   0.272   0
10   0       0.116   0.093   0   0   0   0   0   0.313   0.352
11   0       0       0       0   0   0   0   0   0.2     0
12   0       0.13    0.103   0   0   0   0   0   0.045   0
13   0       0.032   0.122   0   0   0   0   0   0.308   0
14   0       0.084   0.065   0   0   0   0   0   0       0
15   0       0.146   0.059   0   0   0   0   0   0.16    0.413
16   0       0.151   0.181   0   0   0   0   0   0       0
17   0       0.029   0.246   0   0   0   0   0   0.008   0
18   0       0       0       0   0   0   0   0   0.009   0
19   0       0.073   0.141   0   0   0   0   0   0.665   0.844
20   0       0.279   0.162   0   0   0   0   0   0.307   0
21   0       0.315   0.204   0   0   0   0   0   0       0
22   0       0.607   0.365   0   0   0   0   0   0.387   0.502
23   0       0.558   0.691   0   0   0   0   0   0.697   0.722
24   0       0.868   0.682   0   0   0   0   0   0.549   0.678
25   0       1.615   0.691   0   0   0   0   0   0.637   1.812
26   0       0       0.811   0   0   0   0   0   0.982   0
27   0       0.879   0.943   0   0   0   0   0   2.164   2.917
28   0       1.012   1.249   0   0   0   0   0   0       0
29   0       1.473   1.396   0   0   0   0   0   1.112   0
30   0.457   2.444   1.215   0   0   0   0   0   1.396   1.191
31   0       0       1.692   0   0   0   0   0   1.37    5.119
32   0       1.457   1.672   0   0   0   0   0   1.788   0
33   0       1.616   1.725   0   0   0   0   0   1.849   0
34   0       3.812   1.577   0   0   0   0   0   1.73    7.05
35   0       0       1.711   0   0   0   0   0   2.026   0
36   0       1.668   2.041   0   0   0   0   0   2.022   0
37   0       1.788   2.01    0   0   0   0   0   3.824   0
38   0       1.956   4.253   0   0   0   0   0   0       5.905
39   0       2.061   0       0   0   0   0   0   1.85    0
40   0       1.83    2.173   0   0   0   0   0   6.18    0
41   0       1.96    1.895   0   0   0   0   0   0       3.942
42   0       2.093   1.964   0   0   0   0   0   0       0
43   0       1.904   2.092   0   0   0   0   0   3.901   1.95
44   0       2.063   3.722   0   0   0   0   0   0       3.633
45   0       1.676   0       0   0   0   0   0   1.718   0
46   0       1.578   1.964   0   0   0   0   0   1.739   1.759
47   0       1.535   1.489   0   0   0   0   0   4.601   1.738
48   0       1.375   2.849   0   0   0   0   0   0       5.407
49   0       1.346   0       0   0   0   0   0   0       0
50   0       1.35    1.144   0   0   0   0   0   1.357   0
51   0       1.119   2.429   0   0   0   0   0   1.398   0
52   0       1.162   0       0   0   0   0   0   1.246   1.165

 [*,M1,*,Ziemniaki]
:   S1    S10     S2    S3  S4  S5  S6  S7  S8    S9      :=
1    0   0.151   0.132   0   0   0   0   0   0   0.121
2    0   0       0       0   0   0   0   0   0   0.442
3    0   0.121   0.152   0   0   0   0   0   0   0
4    0   0.01    0.206   0   0   0   0   0   0   0
5    0   0.303   0       0   0   0   0   0   0   0.486
6    0   0       0.056   0   0   0   0   0   0   0
7    0   0.413   0.203   0   0   0   0   0   0   0.62
8    0   0.468   0.421   0   0   0   0   0   0   0
9    0   0.482   0.565   0   0   0   0   0   0   1.929
10   0   0.447   0.682   0   0   0   0   0   0   0
11   0   0.527   1.322   0   0   0   0   0   0   0
12   0   0.74    0       0   0   0   0   0   0   0.934
13   0   0.742   0.911   0   0   0   0   0   0   4.091
14   0   0.96    0.823   0   0   0   0   0   0   0
15   0   0.995   1.16    0   0   0   0   0   0   0
16   0   2.692   1.416   0   0   0   0   0   0   0
17   0   0       1.181   0   0   0   0   0   0   3.445
18   0   1.563   1.288   0   0   0   0   0   0   0
19   0   1.551   1.478   0   0   0   0   0   0   1.081
20   0   1.682   3.522   0   0   0   0   0   0   0.215
21   0   1.879   0       0   0   0   0   0   0   1.557
22   0   3.634   2.044   0   0   0   0   0   0   5.543
23   0   0       1.976   0   0   0   0   0   0   0
24   0   2.02    1.958   0   0   0   0   0   0   0
25   0   1.758   2.059   0   0   0   0   0   0   1.9
26   0   2.143   3.889   0   0   0   0   0   0   3.992
27   0   1.769   0       0   0   0   0   0   0   0
28   0   2.02    2.159   0   0   0   0   0   0   6.339
29   0   2.033   4.17    0   0   0   0   0   0   0
30   0   1.876   0       0   0   0   0   0   0   0
31   0   3.409   1.844   0   0   0   0   0   0   3.36
32   0   0       1.694   0   0   0   0   0   0   0
33   0   1.79    3.418   0   0   0   0   0   0   3.3
34   0   1.472   0       0   0   0   0   0   0   0
35   0   2.722   1.359   0   0   0   0   0   0   3.242
36   0   0       1.523   0   0   0   0   0   0   0
37   0   1.144   1.543   0   0   0   0   0   0   2.259
38   0   1.116   1.177   0   0   0   0   0   0   0
39   0   1.946   1.067   0   0   0   0   0   0   4.066
40   0   0       0.937   0   0   0   0   0   0   0
41   0   0.957   1.082   0   0   0   0   0   0   0
42   0   0.818   1.264   0   0   0   0   0   0   0
43   0   0.533   0       0   0   0   0   0   0   0.45
44   0   0.362   0.522   0   0   0   0   0   0   1.035
45   0   0.633   0.255   0   0   0   0   0   0   0
46   0   0.192   0.335   0   0   0   0   0   0   1.079
47   0   0.23    0.462   0   0   0   0   0   0   0
48   0   0.34    0.252   0   0   0   0   0   0   0
49   0   0.323   0.215   0   0   0   0   0   0   0
50   0   0       0.279   0   0   0   0   0   0   0
51   0   0.071   0       0   0   0   0   0   0   0.241
52   0   0.037   0       0   0   0   0   0   0   0.032

 [*,M2,*,Buraki]
:     S1   S10  S2    S3      S4    S5  S6  S7  S8    S9      :=
1    6.113   0   0   2.002   2.376   0   0   0   0   0
2    0       0   0   1.974   1.852   0   0   0   0   0
3    0.245   0   0   1.971   4.194   0   0   0   0   0
4    1.848   0   0   2.973   0       0   0   0   0   0
5    6.348   0   0   0.741   1.723   0   0   0   0   0
6    0       0   0   3.487   1.794   0   0   0   0   1.928
7    0       0   0   0       1.57    0   0   0   0   0
8    0.907   0   0   1.657   1.678   0   0   0   0   0
9    2.817   0   0   1.617   3.128   0   0   0   0   0
10   0       0   0   1.51    0       0   0   0   0   1.622
11   1.544   0   0   2.386   1.264   0   0   0   0   1.786
12   1.322   0   0   0.332   2.393   0   0   0   0   1.646
13   1.032   0   0   1.257   0       0   0   0   0   0
14   3.614   0   0   0.907   0.857   0   0   0   0   0
15   0       0   0   0.742   0.934   0   0   0   0   0
16   0       0   0   0.793   0.611   0   0   0   0   0
17   0       0   0   0.427   0.53    0   0   0   0   0
18   0       0   0   0.405   0.474   0   0   0   0   0
19   0.347   0   0   0.394   0.645   0   0   0   0   0.584
20   0.717   0   0   0       0.289   0   0   0   0   0
21   0       0   0   0.15    0.265   0   0   0   0   0
22   0.333   0   0   0.066   0.193   0   0   0   0   0
23   0       0   0   0       0.178   0   0   0   0   0.049
24   0.285   0   0   0.111   0.114   0   0   0   0   0.303
25   0       0   0   0       0.149   0   0   0   0   0
26   0       0   0   0.185   0       0   0   0   0   0
27   0       0   0   0.148   0.088   0   0   0   0   0
28   0.185   0   0   0.029   0.2     0   0   0   0   0
29   0.049   0   0   0.205   0.193   0   0   0   0   0.23
30   0.779   0   0   0.168   0       0   0   0   0   0
31   0       0   0   0.104   0.152   0   0   0   0   0
32   0       0   0   0.11    0.162   0   0   0   0   0.374
33   0.995   0   0   0.396   0.468   0   0   0   0   0
34   0       0   0   0.216   0.44    0   0   0   0   0.418
35   0       0   0   0.428   0.953   0   0   0   0   0
36   0.665   0   0   0.52    0       0   0   0   0   0
37   0.518   0   0   0.532   0.736   0   0   0   0   0
38   0.706   0   0   1.71    0.928   0   0   0   0   0.786
39   1.097   0   0   0       0.811   0   0   0   0   0
40   0.851   0   0   1.008   0.919   0   0   0   0   0.885
41   1.013   0   0   0.933   0.976   0   0   0   0   0
42   1.33    0   0   2.508   1.355   0   0   0   0   0
43   4.02    0   0   0       1.364   0   0   0   0   0
44   0       0   0   4.629   4.326   0   0   0   0   0
45   0       0   0   0       0       0   0   0   0   0
46   7.11    0   0   0       0.125   0   0   0   0   0
47   0       0   0   1.906   1.756   0   0   0   0   3.351
48   0       0   0   1.958   1.884   0   0   0   0   0
49   0       0   0   1.939   3.61    0   0   0   0   0
50   6.247   0   0   2.138   0       0   0   0   0   0.729
51   0       0   0   2.043   1.957   0   0   0   0   0
52   0       0   0   1.863   2.05    0   0   0   0   0

 [*,M2,*,Kapusta]
:   S1 S10  S2    S3      S4    S5  S6  S7  S8  S9    :=
1    0   0   0   1.232   1.089   0   0   0   0   0
2    0   0   0   1.186   1.188   0   0   0   0   0
3    0   0   0   1.367   1.049   0   0   0   0   0
4    0   0   0   0       1.181   0   0   0   0   0
5    0   0   0   0       3.22    0   0   0   0   0
6    0   0   0   0       0       0   0   0   0   0
7    0   0   0   1.819   1.681   0   0   0   0   0
8    0   0   0   0       1.57    0   0   0   0   0
9    0   0   0   0       1.943   0   0   0   0   0
10   0   0   0   0       3.827   0   0   0   0   0
11   0   0   0   0       0       0   0   0   0   0
12   0   0   0   0       1.981   0   0   0   0   0
13   0   0   0   0       2.177   0   0   0   0   0
14   0   0   0   0       2.028   0   0   0   0   0
15   0   0   0   2.164   1.809   0   0   0   0   0
16   0   0   0   0       2.072   0   0   0   0   0
17   0   0   0   0       3.92    0   0   0   0   0
18   0   0   0   0.565   0       0   0   0   0   0
19   0   0   0   0       2.016   0   0   0   0   0
20   0   0   0   1.696   1.636   0   0   0   0   0
21   0   0   0   0       1.494   0   0   0   0   0
22   0   0   0   1.343   1.499   0   0   0   0   0
23   0   0   0   1.392   1.555   0   0   0   0   0
24   0   0   0   1.335   1.352   0   0   0   0   0
25   0   0   0   1.439   2.331   0   0   0   0   0
26   0   0   0   1.1     0       0   0   0   0   0
27   0   0   0   0       0.994   0   0   0   0   0
28   0   0   0   0       0.943   0   0   0   0   0
29   0   0   0   0       0.917   0   0   0   0   0
30   0   0   0   0       0.436   0   0   0   0   0
31   0   0   0   0       1.183   0   0   0   0   0
32   0   0   0   0       0       0   0   0   0   0
33   0   0   0   0       0.148   0   0   0   0   0
34   0   0   0   0       0.212   0   0   0   0   0
35   0   0   0   0       0.265   0   0   0   0   0
36   0   0   0   0       0.146   0   0   0   0   0
37   0   0   0   0       0       0   0   0   0   0
38   0   0   0   0       0.097   0   0   0   0   0
39   0   0   0   0       0.09    0   0   0   0   0
40   0   0   0   0       0.167   0   0   0   0   0
41   0   0   0   0       0.039   0   0   0   0   0
42   0   0   0   0.504   0.006   0   0   0   0   0
43   0   0   0   0       0.02    0   0   0   0   0
44   0   0   0   0       0       0   0   0   0   0
45   0   0   0   0.339   0.252   0   0   0   0   0
46   0   0   0   0       0.109   0   0   0   0   0
47   0   0   0   0       0.527   0   0   0   0   0
48   0   0   0   0       0.259   0   0   0   0   0
49   0   0   0   0       0.753   0   0   0   0   0
50   0   0   0   0       0.721   0   0   0   0   0
51   0   0   0   0       0.951   0   0   0   0   0
52   0   0   0   0       0.666   0   0   0   0   0

 [*,M2,*,Marchewki]
:     S1   S10  S2    S3      S4    S5  S6  S7  S8  S9    :=
1    1.254   0   0   1.243   1.1     0   0   0   0   0
2    0.986   0   0   1.064   0.813   0   0   0   0   0
3    0.527   0   0   1.279   0.643   0   0   0   0   0
4    0.823   0   0   0       0.682   0   0   0   0   0
5    0.613   0   0   0.384   0.702   0   0   0   0   0
6    0.344   0   0   0.246   0.535   0   0   0   0   0
7    1.04    0   0   0.436   0.176   0   0   0   0   0
8    0       0   0   0.365   0.441   0   0   0   0   0
9    0       0   0   0       0.266   0   0   0   0   0
10   0       0   0   0.07    0.016   0   0   0   0   0
11   0.071   0   0   0.268   0.227   0   0   0   0   0
12   0.428   0   0   0.195   0.078   0   0   0   0   0
13   0       0   0   0.123   0.371   0   0   0   0   0
14   0       0   0   0.031   0       0   0   0   0   0
15   0       0   0   0.325   0.057   0   0   0   0   0
16   0.082   0   0   0       0.158   0   0   0   0   0
17   0.309   0   0   0       0.646   0   0   0   0   0
18   0       0   0   0.222   0       0   0   0   0   0
19   0.13    0   0   0.221   0       0   0   0   0   0
20   0       0   0   0.33    0.221   0   0   0   0   0
21   1.389   0   0   0.419   0.33    0   0   0   0   0
22   0       0   0   0.443   0.32    0   0   0   0   0
23   0       0   0   1.382   0.419   0   0   0   0   0
24   1.707   0   0   0       0.718   0   0   0   0   0
25   0       0   0   0.562   0.591   0   0   0   0   0
26   0.676   0   0   0.877   1.007   0   0   0   0   0
27   1.196   0   0   0.861   0.992   0   0   0   0   0
28   1.073   0   0   1.355   1.177   0   0   0   0   0
29   1.878   0   0   1.178   1.435   0   0   0   0   0
30   0.151   0   0   2.018   1.487   0   0   0   0   0
31   4.558   0   0   0.793   1.502   0   0   0   0   0
32   0       0   0   1.38    1.555   0   0   0   0   0
33   0       0   0   1.675   1.869   0   0   0   0   0
34   7.367   0   0   1.705   1.84    0   0   0   0   0
35   0       0   0   1.777   1.895   0   0   0   0   0
36   0       0   0   1.693   3.767   0   0   0   0   0
37   0       0   0   1.821   0       0   0   0   0   0
38   7.667   0   0   2.052   2.17    0   0   0   0   0
39   0       0   0   3.882   1.841   0   0   0   0   0
40   0.254   0   0   0       3.844   0   0   0   0   0
41   0       0   0   3.838   0       0   0   0   0   0
42   1.834   0   0   0       2.173   0   0   0   0   0
43   2.126   0   0   1.953   1.777   0   0   0   0   0
44   5.256   0   0   1.861   3.541   0   0   0   0   0
45   0       0   0   1.716   0       0   0   0   0   0
46   0       0   0   1.851   1.698   0   0   0   0   0
47   3.479   0   0   3.16    3.059   0   0   0   0   0
48   0       0   0   0       0       0   0   0   0   0
49   1.401   0   0   1.265   1.457   0   0   0   0   0
50   1.395   0   0   2.556   2.453   0   0   0   0   0
51   1.213   0   0   0       0       0   0   0   0   0
52   1.119   0   0   1.171   1.18    0   0   0   0   0

 [*,M2,*,Ziemniaki]
:     S1   S10  S2    S3      S4    S5  S6  S7  S8    S9      :=
1    0.187   0   0   0.11    0.088   0   0   0   0   0
2    0.082   0   0   0.133   0.113   0   0   0   0   0
3    0.024   0   0   0.224   0.066   0   0   0   0   0
4    0.333   0   0   0       0.213   0   0   0   0   0
5    0       0   0   0.148   0.024   0   0   0   0   0
6    0       0   0   0.194   0.194   0   0   0   0   0
7    0.947   0   0   0.223   0.103   0   0   0   0   0
8    0       0   0   0.828   0.855   0   0   0   0   0
9    0       0   0   0       0       0   0   0   0   0
10   0.685   0   0   1.291   0.713   0   0   0   0   0
11   3.439   0   0   0       0.448   0   0   0   0   0
12   0       0   0   0.896   0.58    0   0   0   0   0
13   0       0   0   1.057   1.076   0   0   0   0   0
14   0       0   0   0.952   1.008   0   0   0   0   0
15   1.025   0   0   1.29    1.043   0   0   0   0   0
16   1.317   0   0   1.282   2.484   0   0   0   0   0
17   1.323   0   0   1.258   0       0   0   0   0   0
18   1.496   0   0   1.524   1.577   0   0   0   0   0
19   1.612   0   0   1.775   1.561   0   0   0   0   0
20   1.886   0   0   1.585   1.648   0   0   0   0   1.506
21   5.342   0   0   3.571   1.552   0   0   0   0   0
22   0       0   0   0       1.945   0   0   0   0   0
23   0       0   0   2.085   3.837   0   0   0   0   0
24   1.803   0   0   1.752   0       0   0   0   0   0
25   2.008   0   0   3.68    2.123   0   0   0   0   0
26   2.045   0   0   0       2.154   0   0   0   0   0
27   2.15    0   0   2.232   2.139   0   0   0   0   0
28   1.953   0   0   1.936   1.777   0   0   0   0   0
29   5.84    0   0   2.125   3.909   0   0   0   0   0
30   0       0   0   3.713   0       0   0   0   0   0
31   0       0   0   0       1.966   0   0   0   0   0
32   1.85    0   0   1.896   1.861   0   0   0   0   0
33   3.286   0   0   1.713   1.958   0   0   0   0   0
34   0       0   0   1.675   3.302   0   0   0   0   0
35   1.696   0   0   4.505   0       0   0   0   0   0
36   1.305   0   0   0       1.328   0   0   0   0   0
37   2.532   0   0   0       1.262   0   0   0   0   0
38   0       0   0   1.332   1.094   0   0   0   0   0
39   2.258   0   0   1.295   2.181   0   0   0   0   0
40   0       0   0   0.882   0       0   0   0   0   0
41   2.653   0   0   0.81    0.866   0   0   0   0   0
42   0       0   0   0.952   0.704   0   0   0   0   0
43   0       0   0   0.871   0.676   0   0   0   0   0
44   0       0   0   0       0.493   0   0   0   0   0
45   0.934   0   0   0.733   0.587   0   0   0   0   0
46   0       0   0   0       0.107   0   0   0   0   0
47   0.692   0   0   0.048   0.381   0   0   0   0   0
48   0       0   0   0.082   0.096   0   0   0   0   0
49   0       0   0   0.154   0.175   0   0   0   0   0
50   0       0   0   0       0.17    0   0   0   0   0
51   0.064   0   0   0       0.005   0   0   0   0   0
52   0.081   0   0   0.196   0.196   0   0   0   0   0

 [*,M3,*,Buraki]
:   S1 S10  S2  S3  S4    S5      S6      S7      S8    S9    :=
1    0   0   0   0   0   2.288   2.112   2.255   2.387   0
2    0   0   0   0   0   1.838   1.931   2.072   0       0
3    0   0   0   0   0   1.849   1.919   1.949   0       0
4    0   0   0   0   0   1.729   1.997   1.894   3.698   0
5    0   0   0   0   0   1.729   1.671   1.878   0       0
6    0   0   0   0   0   1.675   1.634   1.836   1.724   0
7    0   0   0   0   0   1.9     1.596   1.785   0       0
8    0   0   0   0   0   1.66    1.809   1.504   1.636   0
9    0   0   0   0   0   1.603   1.603   3.173   0       0
10   0   0   0   0   0   1.533   1.268   0       0       0
11   0   0   0   0   0   1.133   1.454   1.451   0       0
12   0   0   0   0   0   1.313   1.396   1.25    2.346   0
13   0   0   0   0   0   1.014   1.004   1.138   0       0
14   0   0   0   0   0   1.117   1.807   1.205   0       0
15   0   0   0   0   0   1.455   0       1.046   0       0
16   0   0   0   0   0   0       0.844   0.895   0       0
17   0   0   0   0   0   0.571   0.773   0.624   0.508   0
18   0   0   0   0   0   0.691   0.318   0.65    0       0
19   0   0   0   0   0   0.328   0.547   0.474   0       0
20   0   0   0   0   0   0.514   0.376   0.182   0       0
21   0   0   0   0   0   0.236   0.027   0.342   0       0
22   0   0   0   0   0   0.326   0.225   0.055   0       0
23   0   0   0   0   0   0.257   0.177   0.025   0.061   0
24   0   0   0   0   0   0       0.037   0.085   0       0
25   0   0   0   0   0   0.058   0       0.168   0       0
26   0   0   0   0   0   0.136   0.094   0.061   0       0
27   0   0   0   0   0   0.185   0.068   0.037   0       0
28   0   0   0   0   0   0.103   0.202   0.051   0       0
29   0   0   0   0   0   0.055   0.025   0.234   0       0
30   0   0   0   0   0   0.247   0.051   0       0       0
31   0   0   0   0   0   0.109   0.16    0       0       0
32   0   0   0   0   0   0.153   0.249   0.321   0       0
33   0   0   0   0   0   0.304   0.416   0.168   0       0
34   0   0   0   0   0   0.422   0.257   0.356   0.513   0
35   0   0   0   0   0   0.322   0.666   0.307   0.501   0
36   0   0   0   0   0   0.638   0.52    0.761   0       0
37   0   0   0   0   0   1.683   0.651   0.654   0.628   0
38   0   0   0   0   0   0       0.673   0.748   0       0
39   0   0   0   0   0   0.874   0.736   1.824   0.921   0
40   0   0   0   0   0   1.045   1.049   0       0       0
41   0   0   0   0   0   1.041   1.218   1.221   1.225   0
42   0   0   0   0   0   2.545   1.068   1.278   0.378   0
43   0   0   0   0   0   0       1.41    1.38    1.343   0
44   0   0   0   0   0   1.344   1.259   1.271   1.584   0
45   0   0   0   0   0   1.693   1.655   1.72    1.527   0
46   0   0   0   0   0   1.539   1.598   1.559   0       0
47   0   0   0   0   0   1.979   1.842   3.639   3.825   0
48   0   0   0   0   0   1.731   1.622   0       0       0
49   0   0   0   0   0   3.531   2.135   2.091   0       0
50   0   0   0   0   0   0       2.057   1.96    2.124   0
51   0   0   0   0   0   2.156   2.027   2.168   2.132   0
52   0   0   0   0   0   2.054   2.096   2.172   1.987   0

 [*,M3,*,Kapusta]
:   S1 S10  S2  S3  S4    S5      S6      S7      S8    S9    :=
1    0   0   0   0   0   0.935   0.979   0.979   2.565   0
2    0   0   0   0   0   1.246   1.264   1.099   0       0
3    0   0   0   0   0   1.408   1.032   1.058   0       0
4    0   0   0   0   0   3.033   1.468   1.412   0       0
5    0   0   0   0   0   0       1.452   1.457   0       0
6    0   0   0   0   0   1.455   1.439   1.406   1.363   0
7    0   0   0   0   0   1.69    1.77    1.652   1.632   0
8    0   0   0   0   0   1.901   1.828   1.96    3.791   0
9    0   0   0   0   0   1.957   1.688   1.897   0       0
10   0   0   0   0   0   1.708   1.81    1.9     5.653   0
11   0   0   0   0   0   4.011   1.734   2.021   0       0
12   0   0   0   0   0   0       2.103   1.867   0       0
13   0   0   0   0   0   2.14    2.037   2.078   0       0
14   0   0   0   0   0   2.085   1.919   3.982   0       0
15   0   0   0   0   0   2.024   2.073   0       0       0
16   0   0   0   0   0   1.788   1.884   2.045   0       0
17   0   0   0   0   0   1.876   2.065   4.078   2.106   0
18   0   0   0   0   0   2.002   1.83    0       3.535   0
19   0   0   0   0   0   1.77    1.795   1.966   0       0
20   0   0   0   0   0   1.592   1.877   1.706   0       0
21   0   0   0   0   0   1.819   1.518   1.785   0       0
22   0   0   0   0   0   1.569   1.594   1.703   2.865   0
23   0   0   0   0   0   1.238   1.634   1.314   0       0
24   0   0   0   0   0   2.667   1.223   1.163   0       0
25   0   0   0   0   0   0       1.403   1.081   0       0
26   0   0   0   0   0   1.92    0.928   0.958   0       0
27   0   0   0   0   0   0       1.179   1.201   1.017   0
28   0   0   0   0   0   0.72    1.061   0.872   0.666   0
29   0   0   0   0   0   1.534   0.707   0.548   1.36    0
30   0   0   0   0   0   0       0.685   0.591   0       0
31   0   0   0   0   0   0.549   0.316   0.546   1.636   0
32   0   0   0   0   0   0.493   0.339   0.484   0       0
33   0   0   0   0   0   0.148   0.241   0.49    0       0
34   0   0   0   0   0   0.18    0.272   0.05    0.097   0
35   0   0   0   0   0   0.323   0.369   0.321   0.917   0
36   0   0   0   0   0   0       0.052   0.124   0       0
37   0   0   0   0   0   0.045   0       0.129   0       0
38   0   0   0   0   0   0.236   0       0.031   0       0
39   0   0   0   0   0   0.011   0.003   0.095   0.219   0
40   0   0   0   0   0   0.173   0.065   0.09    0       0
41   0   0   0   0   0   0.061   0.115   0.09    0       0
42   0   0   0   0   0   0.026   0.088   0.057   0.131   0
43   0   0   0   0   0   0.151   0.134   0.269   0       0
44   0   0   0   0   0   0.333   0       0.118   0.254   0
45   0   0   0   0   0   0       0.217   0.174   0.141   0
46   0   0   0   0   0   0.445   0.277   0.423   0.594   0
47   0   0   0   0   0   0.343   0.171   0.18    0       0
48   0   0   0   0   0   0.559   0.378   0.442   1.097   0
49   0   0   0   0   0   0.43    0.701   0.497   0       0
50   0   0   0   0   0   0.682   0.472   0.501   0       0
51   0   0   0   0   0   0.616   0.71    0.918   1.751   0
52   0   0   0   0   0   1.038   1.064   1.045   0       0

 [*,M3,*,Marchewki]
:   S1 S10  S2  S3  S4    S5      S6      S7    S8  S9    :=
1    0   0   0   0   0   1.166   1.221   1.903   0   0
2    0   0   0   0   0   0.884   0.692   0       0   0
3    0   0   0   0   0   0.68    0.917   0.675   0   0
4    0   0   0   0   0   0.436   0.735   0.592   0   0
5    0   0   0   0   0   0.405   0.684   0.413   0   0
6    0   0   0   0   0   0.921   0.569   0.397   0   0
7    0   0   0   0   0   0       0.371   0.378   0   0
8    0   0   0   0   0   0.409   0.258   0.336   0   0
9    0   0   0   0   0   0.179   0.159   0.468   0   0
10   0   0   0   0   0   0.145   0       0       0   0
11   0   0   0   0   0   0.171   0.259   0.077   0   0
12   0   0   0   0   0   0       0.063   0.265   0   0
13   0   0   0   0   0   0.017   0.014   0       0   0
14   0   0   0   0   0   0.191   0.13    0.184   0   0
15   0   0   0   0   0   0       0.065   0       0   0
16   0   0   0   0   0   0       0.015   0.003   0   0
17   0   0   0   0   0   0.018   0.284   0.098   0   0
18   0   0   0   0   0   0.119   0.304   0.266   0   0
19   0   0   0   0   0   0.319   0.234   0.129   0   0
20   0   0   0   0   0   0.41    0.229   0.327   0   0
21   0   0   0   0   0   0.334   0.56    0.563   0   0
22   0   0   0   0   0   0.296   0.321   0.375   0   0
23   0   0   0   0   0   0.685   0.505   0.676   0   0
24   0   0   0   0   0   0.628   0.644   0.804   0   0
25   0   0   0   0   0   0.817   0.619   0.614   0   0
26   0   0   0   0   0   1.031   1.104   0.828   0   0
27   0   0   0   0   0   1.01    1.06    1.228   0   0
28   0   0   0   0   0   2.336   1.291   1.091   0   0
29   0   0   0   0   0   0       1.171   1.254   0   0
30   0   0   0   0   0   1.478   1.477   1.251   0   0
31   0   0   0   0   0   1.505   1.604   1.646   0   0
32   0   0   0   0   0   1.698   1.656   1.709   0   0
33   0   0   0   0   0   1.724   1.782   1.678   0   0
34   0   0   0   0   0   1.577   1.671   1.911   0   0
35   0   0   0   0   0   1.689   1.856   1.879   0   0
36   0   0   0   0   0   1.955   1.774   3.861   0   0
37   0   0   0   0   0   1.798   2.165   0       0   0
38   0   0   0   0   0   1.832   2.009   1.869   0   0
39   0   0   0   0   0   2.072   1.778   2.012   0   0
40   0   0   0   0   0   2.215   1.855   2.055   0   0
41   0   0   0   0   0   2.002   2.07    2.039   0   0
42   0   0   0   0   0   2.075   1.874   2.073   0   0
43   0   0   0   0   0   1.894   2.099   1.707   0   0
44   0   0   0   0   0   2.086   1.794   1.938   0   0
45   0   0   0   0   0   3.873   1.864   1.766   0   0
46   0   0   0   0   0   0       1.684   1.659   0   0
47   0   0   0   0   0   1.614   1.81    1.868   0   0
48   0   0   0   0   0   1.519   1.723   2.821   0   0
49   0   0   0   0   0   1.244   1.543   0       0   0
50   0   0   0   0   0   1.402   1.197   1.371   0   0
51   0   0   0   0   0   1.258   1.263   1.073   0   0
52   0   0   0   0   0   1.083   1.018   1.034   0   0

 [*,M3,*,Ziemniaki]
:   S1 S10  S2  S3  S4    S5      S6      S7      S8    S9    :=
1    0   0   0   0   0   0.11    0.099   0.187   0.143   0
2    0   0   0   0   0   0.143   0.2     0.005   0.21    0
3    0   0   0   0   0   0       0.058   0.141   0       0
4    0   0   0   0   0   0       0.037   0.262   0       0
5    0   0   0   0   0   0.019   0.04    0.041   0.079   0
6    0   0   0   0   0   0.328   0.326   0.379   0       0
7    0   0   0   0   0   0.256   0.113   0.163   1.694   0
8    0   0   0   0   0   0.172   0.185   0.477   0       0
9    0   0   0   0   0   0.367   0.642   0.263   0       0
10   0   0   0   0   0   0.603   0.644   0.423   0       0
11   0   0   0   0   0   0.679   0.541   0.718   0.824   0
12   0   0   0   0   0   0.549   0.561   0.558   0.8     0
13   0   0   0   0   0   0.692   1.099   0.933   1.053   0
14   0   0   0   0   0   0.856   1.149   0.878   1.931   0
15   0   0   0   0   0   1.28    0.975   1.199   0       0
16   0   0   0   0   0   1.097   1.067   1.159   6.042   0
17   0   0   0   0   0   1.44    1.346   1.424   0       0
18   0   0   0   0   0   1.465   1.54    1.29    0       0
19   0   0   0   0   0   3.287   1.432   1.564   0       0
20   0   0   0   0   0   0       1.88    1.518   5.476   0
21   0   0   0   0   0   1.61    1.609   1.806   0       0
22   0   0   0   0   0   1.784   1.938   1.769   0       0
23   0   0   0   0   0   1.759   1.877   1.693   3.885   0
24   0   0   0   0   0   1.87    2.122   2.03    0       0
25   0   0   0   0   0   1.816   1.924   1.824   5.666   0
26   0   0   0   0   0   1.853   2.083   1.95    0       0
27   0   0   0   0   0   2.136   1.784   1.951   0       0
28   0   0   0   0   0   2.011   1.821   1.884   1.875   0
29   0   0   0   0   0   1.965   2.062   1.945   2.122   0
30   0   0   0   0   0   1.838   2.095   1.775   2.012   0
31   0   0   0   0   0   2.026   1.969   1.724   1.767   0
32   0   0   0   0   0   1.735   1.947   1.73    1.735   0
33   0   0   0   0   0   3.639   1.697   1.906   1.619   0
34   0   0   0   0   0   0       1.5     1.505   1.685   0
35   0   0   0   0   0   1.651   1.366   1.716   1.449   0
36   0   0   0   0   0   3.046   1.446   1.436   1.272   0
37   0   0   0   0   0   0       1.484   1.229   1.51    0
38   0   0   0   0   0   1.113   1.161   1.107   4.352   0
39   0   0   0   0   0   1.161   0.981   0.933   0       0
40   0   0   0   0   0   0.94    1.154   2.152   0       0
41   0   0   0   0   0   0.674   0.744   0       0       0
42   0   0   0   0   0   0.909   0.692   0.849   0.823   0
43   0   0   0   0   0   0.813   0.48    0.706   0.532   0
44   0   0   0   0   0   0.369   0.72    0.709   1.118   0
45   0   0   0   0   0   1.052   0.524   0.567   0       0
46   0   0   0   0   0   0       0.155   0.228   0.429   0
47   0   0   0   0   0   0.178   0.168   0.304   0.254   0
48   0   0   0   0   0   0.309   0.225   0.278   0.204   0
49   0   0   0   0   0   0.245   0.044   0.071   0       0
50   0   0   0   0   0   0.078   0       0.068   0.416   0
51   0   0   0   0   0   0       0.225   0.015   0       0
52   0   0   0   0   0   0.096   0.078   0.009   0       0
;

tygodniowy_zapas_sklepu [*,*,Buraki]
:     S1      S10     S2      S3      S4      S5      S6      S7      S8      S9      :=
1    4.093   0.212   0.202   0.182   0.216   0.208   0.192   0.205   0.217   2.365
2    1.933   0.194   0.218   0.196   0.188   0.186   0.193   0.207   2.222   0.215
3    0.198   2.156   0.189   0.197   2.222   0.185   0.192   0.196   0.202   3.965
4    0.186   0.196   0.193   1.14    0.202   0.174   0.199   0.19    2.09    2.145
5    4.624   0.19    0.19    0.171   0.175   0.173   0.17    0.188   0.19    0.195
6    2.684   0.179   0.163   1.738   0.179   0.168   0.164   0.184   0.174   0.193
7    0.864   1.782   0.16    0.158   0.159   0.188   0.16    0.179   0.168   3.389
8    0.161   0.162   0.149   0.165   0.167   0.168   0.179   0.153   0.164   1.639
9    1.408   0.156   0.139   0.162   1.705   0.161   0.162   1.826   1.771   0.149
10   0.128   0.153   1.386   0.152   0.155   0.154   0.13    0.166   0.161   0.161
11   0.152   1.43    0.126   1.208   0.129   0.117   0.144   0.147   0.153   0.707
12   0.134   0.13    1.034   0.14    1.342   0.13    0.14    0.127   1.089   1.133
13   0.106   0.105   0.094   0.127   0.122   0.104   0.104   0.115   0.099   0.103
14   2.71    0.084   0.099   0.094   0.089   0.111   1.001   0.12    1.735   0.847
15   1.96    0.104   0.071   0.076   0.093   0.616   0.091   0.106   0.825   0.077
16   1.27    0.737   0.091   0.079   0.064   0.056   0.085   0.091   0.075   0.792
17   0.66    0.067   0.081   0.046   0.054   0.057   0.078   0.065   0.053   0.072
18   0.06    0.055   0.073   0.041   0.048   0.068   0.036   0.065   0.056   0.043
19   0.037   0.054   0.044   0.165   0.063   0.036   0.053   0.049   0.028   0.057
20   0.374   0.462   0.028   0.015   0.032   0.05    0.039   0.021   0.627   0.429
21   0.034   0.042   0.032   0.015   0.027   0.026   0.006   0.033   0.297   0.039
22   0.077   0.03    0.022   0.011   0.02    0.032   0.021   0.008   0.027   0.039
23   0.007   0.031   0.004   0.001   0.018   0.209   0.018   0.003   0.008   0.008
24   0.232   0.013   0.025   0.022   0.012   0.019   0.005   0.008   0.002   0.191
25   0.092   0.021   0.015   0.002   0.121   0.007   0.005   0.016   0.022   0.121
26   0.022   0.021   0.003   0.017   0.011   0.013   0.009   0.007   0.002   0.011
27   0.002   0.006   0.006   0.015   0.009   0.018   0.007   0.004   0.004   0.077
28   0.017   0.016   0.001   0.004   0.019   0.011   0.019   0.005   0.066   0.007
29   0.006   0.016   0.011   0.019   0.022   0.006   0.004   0.209   0.006   0.187
30   0.565   0.209   0.001   0.017   0.002   0.023   0.005   0.019   0.088   0.017
31   0.275   0.019   0.019   0.011   0.014   0.012   0.015   0.009   0.008   0.018
32   0.025   0.01    0.034   0.011   0.016   0.015   0.024   0.03    0.02    0.242
33   0.88    0.037   0.038   0.037   0.044   0.029   0.04    0.018   0.026   0.022
34   0.55    1.083   0.047   0.023   0.044   0.041   0.027   0.034   0.049   0.04
35   0.05    0.473   0.671   0.041   0.737   0.033   0.063   0.031   0.05    0.026
36   0.065   0.043   0.061   0.051   0.067   0.061   0.053   0.072   0.043   0.071
37   0.053   0.913   0.045   0.053   0.073   1.034   0.064   0.066   0.061   0.05
38   0.069   0.083   0.073   1.133   0.091   0.094   0.067   0.074   0.08    0.076
39   0.106   0.091   0.074   0.103   0.082   0.088   0.073   0.968   0.091   0.083
40   0.087   0.114   0.11    0.101   0.091   0.103   0.102   0.088   0.095   0.088
41   0.1     0.101   0.131   0.094   0.097   0.104   0.12    0.119   0.12    0.103
42   0.13    1.661   0.142   1.452   0.132   1.309   0.108   0.127   0.109   1.331
43   2.96    0.151   1.573   0.132   0.136   0.119   0.138   0.137   0.132   0.121
44   1.54    0.154   0.143   3.251   3.092   0.133   0.127   0.128   0.156   0.135
45   0.14    1.958   0.165   1.661   1.492   0.166   0.162   0.168   0.153   1.804
46   5.78    0.178   0.15    0.151   0.147   0.155   0.16    0.157   0.15    0.164
47   3.86    1.87    0.184   0.187   0.173   0.194   0.182   2.046   2.035   1.925
48   2.2     0.17    2.145   0.195   0.187   0.175   0.164   0.186   0.185   0.175
49   0.2     0.197   0.195   0.194   1.947   1.936   0.209   0.207   0.197   3.595
50   4.407   0.184   0.207   0.212   0.177   0.176   0.206   0.197   0.211   2.244
51   2.277   0.212   0.209   0.205   0.194   0.212   0.203   0.215   0.213   0.204
52   0.207   0.21    0.201   0.188   0.204   0.206   0.209   0.217   0.2     0.186

 [*,*,Kapusta]
:     S1      S10     S2      S3      S4      S5      S6      S7      S8      S9      :=
1    0.086   0.091   0.11    0.112   0.099   0.085   0.089   0.089   1.375   0.095
2    0.106   0.119   0.118   0.118   0.117   0.121   0.123   0.108   0.125   4.221
3    0.129   0.135   0.135   0.135   0.106   0.139   0.105   0.106   0.105   2.961
4    0.133   0.14    0.153   3.372   0.117   1.782   0.143   0.138   1.826   1.771
5    0.152   0.16    0.142   1.892   1.837   0.162   0.145   0.145   0.166   0.161
6    0.175   0.148   0.145   0.172   0.167   0.147   0.144   0.141   0.139   1.694
7    0.152   0.184   0.164   0.181   0.168   0.167   0.174   0.163   0.161   0.154
8    2.002   0.17    0.181   0.173   0.158   0.188   0.182   0.193   2.222   2.134
9    0.182   0.202   0.2     3.904   0.191   0.195   0.17    0.19    0.202   0.194
10   0.203   0.183   0.192   2.024   2.288   0.173   0.18    0.19    4.095   2.277
11   0.181   0.206   0.203   0.184   0.208   2.354   0.174   0.201   3.882   0.207
12   0.211   0.181   0.213   4.281   0.199   0.214   0.207   0.188   2.112   4.187
13   0.201   0.189   0.219   2.211   0.216   0.214   0.204   0.206   0.192   2.387
14   0.21    0.212   0.197   0.201   0.204   0.209   0.193   2.068   0.188   0.217
15   0.208   0.201   0.2     0.215   0.183   0.203   0.206   0.188   0.198   0.216
16   5.499   0.214   0.211   3.74    0.205   0.181   0.19    0.203   0.193   0.213
17   3.679   0.182   0.199   1.8     2.145   0.187   0.205   2.211   0.209   3.658
18   1.629   0.205   0.182   2.035   0.195   0.199   0.185   0.201   1.804   1.848
19   0.202   0.172   0.198   0.185   0.201   0.179   0.18    0.197   0.164   0.168
20   0.167   0.162   0.19    0.171   0.167   0.161   0.187   0.173   0.192   0.183
21   0.176   0.158   0.158   0.164   0.151   0.18    0.155   0.178   0.176   0.157
22   0.175   0.167   0.174   0.137   0.15    0.159   0.159   0.171   1.551   0.166
23   2.765   0.13    0.161   0.139   0.155   0.127   0.163   0.135   0.141   2.725
24   1.375   0.136   0.146   0.134   0.137   1.254   0.126   0.118   2.817   1.375
25   0.125   0.106   0.122   0.143   1.408   0.114   0.139   0.109   1.397   0.125
26   0.096   0.126   0.913   0.113   0.128   1.034   0.097   0.097   0.127   0.109
27   0.891   0.087   0.083   1.745   0.102   0.094   0.116   0.118   0.104   0.085
28   0.081   0.106   0.073   0.825   0.095   0.074   0.107   0.09    0.07    0.07
29   0.074   0.077   0.869   0.075   0.092   0.858   0.074   0.058   0.77    1.843
30   0.726   0.085   0.079   1.066   0.048   0.078   0.069   0.059   0.07    1.053
31   0.066   0.038   0.042   0.506   0.671   0.057   0.035   0.055   1.056   0.363
32   0.058   0.031   0.059   0.046   0.061   0.05    0.034   0.049   0.506   0.033
33   0.865   0.031   0.028   0.033   0.019   0.018   0.025   0.049   0.046   0.017
34   0.655   0.031   0.04    0.33    0.021   0.018   0.027   0.009   0.013   0.255
35   0.345   0.021   0.22    0.26    0.026   0.031   0.036   0.03    0.58    0.055
36   0.055   0.028   0.02    0.11    0.022   0.021   0.008   0.014   0.27    0.005
37   0.005   0.132   0.002   0.01    0.002   0.006   0.008   0.013   0.22    0.02
38   0.012   0.012   0.018   0.132   0.009   0.022   0.008   0.004   0.02    0.022
39   0.02    0.006   0.018   0.012   0.009   0.003   0.001   0.009   0.209   0.055
40   0.349   0.007   0.016   0.11    0.016   0.016   0.006   0.009   0.019   0.005
41   0.209   0.088   0.014   0.01    0.005   0.007   0.011   0.009   0.019   0.009
42   0.019   0.008   0.275   0.324   0.001   0.003   0.009   0.006   0.11    0.264
43   0.012   0.014   0.025   0.264   0.011   0.014   0.013   0.025   0.01    0.024
44   0.004   0.011   0.028   0.024   0.001   0.187   0.003   0.013   0.024   0.396
45   0.015   0.014   0.032   0.033   0.023   0.017   0.02    0.017   0.015   0.036
46   0.011   0.021   0.407   0.007   0.012   0.042   0.027   0.04    0.429   0.923
47   0.037   0.024   0.037   0.035   0.049   0.035   0.018   0.02    0.039   0.473
48   0.05    0.053   0.032   0.649   0.028   0.054   0.036   0.042   0.616   0.043
49   0.066   0.043   0.046   0.059   0.071   0.044   0.067   0.049   0.056   0.062
50   0.084   0.068   0.059   1.512   0.072   0.066   0.049   0.05    0.053   1.045
51   0.081   0.065   0.07    0.902   0.093   0.062   0.069   0.088   1.144   0.095
52   0.101   0.071   0.068   0.082   0.069   0.1     0.103   0.103   0.104   0.073

 [*,*,Marchewki]
:     S1      S10     S2      S3      S4      S5      S6      S7      S8      S9      :=
1    0.114   0.092   0.097   0.113   0.1     0.106   0.111   0.803   0.095   0.105
2    0.1     0.078   0.077   0.107   0.083   0.09    0.073   0.073   1.271   0.737
3    0.057   0.079   0.063   0.616   0.066   0.07    0.09    0.068   0.671   0.067
4    0.08    0.083   0.052   0.056   0.068   0.046   0.075   0.06    0.061   1.42
5    0.063   0.056   0.035   0.04    0.07    0.041   0.069   0.043   0.058   0.81
6    0.037   0.029   0.059   0.026   0.055   0.462   0.058   0.04    0.063   0.44
7    0.667   0.132   0.035   0.042   0.021   0.042   0.039   0.038   0.051   0.04
8    0.507   0.012   0.04    0.077   0.042   0.041   0.027   0.034   0.036   0.037
9    0.187   0.016   0.014   0.007   0.028   0.02    0.176   0.242   0.028   0.007
10   0.017   0.012   0.077   0.007   0.004   0.015   0.016   0.022   0.031   0.329
11   0.008   0.002   0.007   0.025   0.021   0.176   0.025   0.009   0.021   0.299
12   0.266   0.012   0.01    0.02    0.009   0.016   0.008   0.154   0.006   0.169
13   0.216   0.004   0.012   0.013   0.22    0.003   0.002   0.014   0.154   0.099
14   0.066   0.008   0.007   0.004   0.02    0.044   0.012   0.018   0.014   0.009
15   0.006   0.014   0.006   0.189   0.007   0.004   0.007   0.008   0.154   0.382
16   0.008   0.015   0.017   0.099   0.015   0.004   0.002   0.001   0.014   0.262
17   0.187   0.004   0.143   0.009   0.531   0.002   0.026   0.009   0.002   0.242
18   0.017   0.004   0.013   0.021   0.231   0.011   0.03    0.025   0.001   0.022
19   0.077   0.007   0.014   0.022   0.021   0.03    0.024   0.014   0.646   0.556
20   0.007   0.026   0.016   0.032   0.022   0.04    0.023   0.031   0.583   0.286
21   1.076   0.031   0.02    0.041   0.032   0.034   0.053   0.054   0.053   0.026
22   0.506   0.058   0.035   0.044   0.032   0.03    0.034   0.039   0.04    0.048
23   0.046   0.056   0.066   0.836   0.041   0.065   0.049   0.065   0.067   0.07
24   0.913   0.084   0.068   0.076   0.069   0.063   0.063   0.079   0.056   0.068
25   0.083   0.979   0.069   0.058   0.06    0.08    0.062   0.063   0.063   0.99
26   0.069   0.089   0.08    0.085   0.097   0.101   0.106   0.081   0.095   0.09
27   0.115   0.088   0.093   0.086   0.099   0.101   0.106   0.119   1.199   2.137
28   0.108   0.1     0.122   0.131   0.116   1.287   0.127   0.11    0.109   1.177
29   0.866   0.143   0.138   0.119   0.141   0.117   0.118   0.124   0.111   0.107
30   0.134   1.397   0.123   0.967   0.148   0.145   0.145   0.125   0.137   0.118
31   3.352   0.127   0.165   0.16    0.15    0.15    0.159   0.161   0.137   3.677
32   1.672   0.144   0.167   0.14    0.155   0.168   0.165   0.17    0.175   1.947
33   0.152   0.16    0.172   0.165   0.184   0.172   0.177   0.168   0.184   0.177
34   5.829   2.222   0.159   0.17    0.184   0.159   0.168   0.189   0.174   5.637
35   4.029   0.202   0.17    0.177   0.189   0.168   0.184   0.188   0.2     3.897
36   2.299   0.17    0.201   0.17    2.266   0.193   0.178   2.189   0.202   2.167
37   0.209   0.178   0.201   0.181   0.206   0.181   0.213   0.199   2.156   0.197
38   5.856   0.194   2.354   0.203   0.216   0.183   0.202   0.188   0.196   4.272
39   3.786   0.205   0.214   2.035   0.187   0.205   0.18    0.2     0.186   2.222
40   2.09    0.185   0.217   0.185   1.991   0.22    0.185   0.205   4.256   0.202
41   0.19    0.195   0.192   2.233   0.181   0.202   0.205   0.204   2.266   2.024
42   0.184   0.208   0.196   0.203   0.214   0.207   0.189   0.207   0.206   0.184
43   0.21    0.192   0.208   0.196   0.181   0.191   0.208   0.174   2.277   0.194
44   3.716   0.205   1.87    0.187   1.892   0.207   0.182   0.192   0.207   1.947
45   2.046   0.171   0.17    0.173   0.172   2.09    0.186   0.178   0.175   0.177
46   0.186   0.159   0.194   0.184   0.17    0.19    0.17    0.167   0.174   0.176
47   1.925   0.154   0.153   1.694   1.639   0.164   0.18    0.185   3.175   0.174
48   0.175   0.139   1.452   0.154   0.149   0.153   0.173   1.496   1.735   3.981
49   0.266   0.135   0.132   0.129   0.146   0.127   0.156   0.136   0.205   2.631
50   0.151   0.135   0.116   1.155   1.419   0.139   0.123   0.137   0.142   1.221
51   0.124   0.114   1.155   0.105   0.129   0.127   0.126   0.11    0.14    0.111
52   0.113   0.116   0.105   0.116   0.119   0.11    0.104   0.104   0.126   0.116

 [*,*,Ziemniaki]
:     S1      S10     S2      S3      S4      S5      S6      S7      S8      S9      :=
1    0.017   0.121   0.022   0.01    0.008   0.01    0.009   0.017   0.013   0.011
2    0.009   0.011   0.002   0.013   0.011   0.033   0.019   0.002   0.193   0.293
3    0.003   0.012   0.014   0.187   0.007   0.003   0.007   0.013   0.143   0.143
4    0.326   0.002   0.02    0.017   0.02    0.003   0.004   0.025   0.013   0.013
5    0.176   0.055   0.01    0.015   0.004   0.002   0.004   0.006   0.022   0.319
6    0.016   0.005   0.006   0.019   0.018   0.03    0.03    0.035   0.002   0.029
7    0.843   0.038   0.019   0.022   0.011   0.026   0.013   0.018   1.416   0.319
8    0.693   0.046   0.04    0.66    0.506   0.018   0.018   0.045   1.226   0.029
9    0.063   0.048   0.055   0.06    0.046   0.035   0.06    0.028   0.616   1.398
10   0.068   0.045   0.067   0.671   0.069   0.058   0.064   0.041   0.056   0.858
11   2.757   0.052   0.869   0.061   0.047   0.067   0.055   0.069   0.08    0.078
12   2.127   0.072   0.079   0.087   0.057   0.056   0.056   0.057   0.08    0.092
13   1.067   0.074   0.09    0.104   0.103   0.068   0.105   0.09    0.103   3.383
14   0.097   0.094   0.083   0.096   0.101   0.084   0.114   0.088   1.034   2.473
15   0.102   0.099   0.113   0.126   0.104   0.124   0.099   0.117   0.094   1.243
16   0.129   1.441   0.139   0.128   1.408   0.111   0.106   0.116   5.036   0.113
17   0.132   0.131   0.12    0.126   0.128   0.141   0.132   0.14    3.516   2.038
18   0.148   0.154   0.128   0.15    0.155   0.146   0.152   0.13    1.936   0.558
19   0.16    0.155   0.146   0.175   0.156   2.013   0.144   0.154   0.176   0.149
20   0.396   0.167   1.958   0.16    0.164   0.183   0.184   0.152   4.072   0.17
21   3.908   0.186   0.178   1.991   0.156   0.163   0.163   0.178   2.222   0.157
22   2.068   1.98    0.202   0.181   0.191   0.177   0.191   0.177   0.202   3.8
23   0.188   0.18    0.198   0.206   2.178   0.176   0.188   0.17    2.057   2.09
24   0.181   0.2     0.196   0.178   0.198   0.186   0.21    0.2     0.187   0.19
25   0.199   0.178   0.205   2.068   0.211   0.182   0.194   0.184   4.043   0.19
26   0.204   0.211   2.024   0.188   0.215   0.185   0.207   0.194   2.123   2.222
27   0.214   0.18    0.184   0.22    0.214   0.211   0.181   0.195   0.193   0.202
28   0.197   0.2     0.213   0.196   0.181   0.202   0.182   0.189   0.188   4.641
29   4.147   0.203   2.343   0.211   2.09    0.197   0.204   0.194   0.21    2.611
30   2.277   0.189   0.213   2.134   0.19    0.185   0.209   0.179   0.202   0.551
31   0.207   1.848   0.187   0.194   0.196   0.201   0.198   0.173   0.179   1.991
32   0.187   0.168   0.171   0.19    0.187   0.176   0.195   0.173   0.174   0.181
33   1.793   0.178   1.749   0.173   0.195   1.925   0.172   0.189   0.163   1.771
34   0.163   0.15    0.159   0.168   1.727   0.175   0.152   0.154   0.168   0.161
35   0.169   1.452   0.138   3.263   0.157   0.166   0.138   0.17    0.147   1.793
36   0.134   0.132   0.151   1.683   0.135   1.672   0.144   0.146   0.129   0.163
37   1.166   0.116   0.154   0.153   0.127   0.152   0.148   0.125   0.149   1.232
38   0.106   0.112   0.121   0.135   0.111   0.115   0.119   0.112   3.091   0.112
39   1.254   0.968   0.108   0.13    1.122   0.116   0.1     0.095   2.001   2.908
40   0.114   0.088   0.095   0.092   0.102   0.096   0.114   1.067   1.111   1.708
41   1.737   0.095   0.107   0.082   0.088   0.07    0.078   0.097   0.101   0.858
42   0.997   0.083   0.671   0.094   0.072   0.089   0.07    0.086   0.084   0.078
43   0.517   0.056   0.061   0.385   0.068   0.082   0.05    0.072   0.056   0.048
44   0.047   0.038   0.053   0.035   0.051   0.041   0.07    0.071   0.484   0.363
45   0.451   0.061   0.028   0.198   0.058   0.583   0.054   0.058   0.044   0.033
46   0.041   0.023   0.033   0.018   0.015   0.053   0.019   0.026   0.043   0.612
47   0.443   0.023   0.045   0.006   0.036   0.021   0.017   0.03    0.027   0.552
48   0.423   0.033   0.027   0.008   0.012   0.03    0.022   0.028   0.121   0.372
49   0.143   0.066   0.022   0.132   0.017   0.025   0.006   0.009   0.011   0.132
50   0.013   0.006   0.231   0.012   0.017   0.033   0.006   0.007   0.337   0.012
51   0.007   0.007   0.021   0.002   0.002   0.003   0.021   0.002   0.187   0.023
52   0.008   0.004   0.011   0.018   0.018   0.009   0.009   0.001   0.017   0.005
;

